143
316
333
60
392
4
432
416
443
410
317
154
354
472
378
410
331
276
118
70
385
360
466
39
143
193
490
18
196
232
271
340
47
103
400
440
108
332
355
51
241
172
205
95
144
83
4
475
359
123
45
244
484
10
284
126
203
274
144
400
5
416
239
53
18
139
494
127
471
349
178
212
20
384
308
165
467
313
140
326
436
185
69
419
195
354
45
399
127
189
299
132
105
37
186
123
177
179
251
148
27
429
360
48
313
168
213
280
481
353
105
417
37
175
336
233
28
381
132
155
70
431
288
175
469
474
299
145
152
49
293
180
479
153
228
292
321
441
71
302
294
176
219
332
351
54
65
379
436
198
34
6
129
322
181
97
295
481
243
448
30
36
127
9
189
355
301
10
296
372
313
90
48
31
423
399
85
488
278
21
185
312
27
314
133
209
412
429
189
154
376
220
191
2
229
380
358
30
391
153
403
203
244
451
234
166
350
320
153
128
342
339
440
369
153
73
77
65
2
267
220
378
488
411
381
217
291
238
247
181
392
149
385
135
100
119
302
450
440
456
77
281
294
17
149
448
91
227
12
93
495
232
472
482
143
352
198
434
90
446
115
482
95
500
117
195
119
419
145
58
374
223
339
168
240
488
116
331
215
128
425
209
361
396
191
3
247
390
437
338
336
52
319
431
51
437
126
170
356
271
228
230
494
67
398
234
55
13
65
270
142
490
480
2
386
170
6
133
60
443
471
396
495
290
327
46
226
453
217
81
224
446
311
218
12
209
453
68
223
17
338
365
7
318
368
393
488
374
26
48
317
497
444
312
286
270
359
12
223
75
93
448
21
405
165
34
114
117
102
337
135
440
202
142
257
69
35
245
444
61
294
260
57
238
71
344
7
431
356
231
5
450
178
27
354
344
61
468
461
163
305
95
103
6
238
361
76
273
105
19
334
400
280
392
137
352
236
145
282
91
376
288
41
54
315
395
398
376
363
359
38
168
455
142
175
192
2
251
465
108
271
299
7
51
191
144
403
428
289
184
18
165
472
60
219
286
455
117
162
318
476
200
487
430
342
161
121
345
413
86
453
184
386
460
235
77
103
137
4
393
321
23
57
293
83
276
78
38
393
241
357
369
441
343
298
283
4
420
128
418
6
80
101
393
39
336
470
143
474
475
36
295
498
93
87
81
370
166
120
262
407
477
130
348
320
429
131
325
349
259
242
355
339
343
248
379
179
217
22
152
192
58
447
190
151
34
272
20
200
392
283
107
369
414
455
189
343
86
13
191
345
256
46
184
98
294
62
278
11
85
431
204
143
378
394
295
412
165
316
112
56
99
219
426
12
174
114
355
260
127
46
104
383
93
288
482
387
351
260
399
437
190
102
79
67
497
375
479
161
191
91
218
290
310
143
303
484
257
158
244
385
204
348
268
297
136
250
184
488
9
82
424
200
185
3
268
181
379
247
343
69
338
60
359
147
204
162
131
461
320
375
346
23
223
114
321
360
365
4
348
375
87
271
74
273
274
342
455
153
88
297
222
426
357
81
73
60
243
205
21
62
80
368
86
304
482
408
163
346
413
10
221
500
282
295
273
56
137
227
209
225
23
432
151
381
12
225
442
256
430
464
319
10
332
406
314
313
313
478
159
225
489
380
225
271
175
499
327
312
225
36
37
249
468
189
130
481
415
72
237
345
35
55
355
367
462
169
180
274
146
340
500
135
220
224
406
396
222
232
207
448
268
245
197
236
435
327
216
349
399
453
193
435
8
47
302
470
216
482
244
363
322
243
498
42
468
403
438
190
135
145
138
403
390
335
139
324
162
355
173
61
308
366
496
317
413
298
287
129
280
31
492
101
274
490
143
242
392
80
433
26
226
70
430
115
406
69
440
68
425
112
129
232
479
125
49
392
423
336
20
202
367
12
304
141
1
447
384
394
27
317
421
253
387
351
369
293
420
309
361
344
422
491
76
400
115
125
292
38
462
312
241
329
325
44
471
327
492
355
221
19
171
141
273
58
492
141
351
412
451
212
255
372
202
332
272
318
458
63
356
419
376
96
248
201
141
219
27
132
73
248
151
245
390
425
303
381
65
154
293
16
366
48
388
68
380
160
387
337
223
242
256
99
339
4
300
481
223
328
113
297
75
265
41
465
189
344
346
255
499
138
271
365
187
158
433
66
319
319
404
42
61
160
141
401
164
442
382
388
269
495
184
344
259
226
309
448
70
154
202
68
293
473
433
481
131
366
47
450
185
451
492
246
111
133
147
276
74
28
163
343
22
348
187
282
73
496
229
144
150
432
212
444
405
145
424
35
10
471
486
195
422
478
442
32
110
88
308
185
117
472
27
139
319
215
422
393
210
150
36
361
82
249
304
487
394
227
22
404
198
7
98
119
485
39
152
95
128
460
280
245
431
308
385
250
22
306
142
233
457
178
93
39
427
398
25
320
125
47
224
323
55
323
443
40
363
94
135
491
53
416
236
485
224
121
234
247
428
376
480
384
54
73
423
482
472
449
302
96
497
25
420
51
348
362
91
210
456
227
201
9
143
438
495
367
58
228
113
486
104
93
370
158
167
292
140
138
241
442
235
237
467
154
288
315
16
380
25
473
107
226
482
250
163
476
117
222
204
230
207
308
324
76
467
492
369
106
130
110
47
365
347
14
19
135
329
35
14
354
7
121
79
490
372
243
465
489
465
169
219
172
477
42
249
444
33
118
49
164
228
96
28
74
110
47
210
440
83
224
293
90
346
373
79
217
115
44
205
80
214
424
252
190
467
1
133
0
119
183
164
347
280
193
422
390
240
131
329
324
356
122
415
202
495
494
419
110
38
124
191
252
48
444
443
14
445
76
15
63
259
179
411
38
372
333
429
112
464
258
437
320
381
351
21
375
345
441
486
383
64
176
135
112
119
78
127
63
154
143
127
414
323
38
453
194
371
382
307
335
140
243
154
20
93
175
395
438
115
381
321
180
56
457
293
176
34
421
239
189
63
367
103
386
405
56
80
276
438
388
110
77
131
264
97
225
440
493
163
55
374
485
236
430
441
28
105
476
450
345
165
12
212
269
399
116
325
480
392
263
368
2
341
499
266
438
224
206
431
387
262
304
371
498
234
312
26
340
288
476
184
453
489
396
221
388
12
46
367
405
309
234
407
149
233
173
87
457
380
18
344
141
323
215
139
56
26
165
396
314
140
80
267
129
477
489
16
489
34
384
394
344
118
301
494
351
474
81
308
354
99
152
495
422
367
133
479
393
299
374
207
439
454
474
68
431
462
84
419
497
469
313
341
86
113
334
438
87
415
246
441
13
398
436
436
264
68
414
157
367
288
364
306
242
338
375
172
300
459
91
296
428
404
136
13
17
471
452
104
385
197
45
399
94
481
335
359
49
249
15
416
37
380
222
279
217
96
452
17
55
43
314
483
448
451
497
465
421
448
69
306
144
114
204
239
94
39
98
144
288
113
60
326
494
282
104
211
379
56
228
434
99
41
417
46
492
413
11
412
360
80
218
4
195
423
244
290
462
342
434
250
456
494
75
449
275
180
160
154
236
388
88
336
430
4
382
421
418
394
333
278
474
50
282
168
474
26
458
435
368
391
185
324
384
260
273
159
441
433
313
177
320
401
12
250
406
395
171
323
288
3
100
262
54
383
431
27
410
388
463
278
279
147
101
163
408
374
323
349
306
135
25
126
36
38
376
443
434
46
266
222
50
367
484
105
250
414
133
159
302
96
437
80
243
37
244
151
412
66
0
217
202
25
344
239
64
220
181
498
267
447
219
317
313
203
423
62
116
56
222
419
152
158
499
395
196
242
46
107
308
46
325
9
72
169
248
136
389
430
134
155
377
354
473
190
56
396
252
173
452
475
91
103
132
90
499
329
333
44
437
140
91
261
150
164
430
399
300
319
329
435
474
205
288
447
395
344
342
147
17
293
121
108
397
254
198
395
83
30
440
19
171
30
281
322
195
211
221
496
29
50
430
3
255
218
450
150
61
292
297
79
85
419
187
482
173
386
376
256
417
315
275
88
346
55
411
41
266
131
36
296
181
466
299
437
183
249
86
245
40
384
324
125
302
11
106
475
398
483
230
315
298
5
404
144
61
314
185
328
446
221
123
127
187
423
63
371
171
150
115
211
33
440
336
336
452
443
310
350
426
40
164
223
46
67
367
108
382
52
436
327
274
59
455
461
482
18
331
152
168
447
364
202
386
199
37
338
142
348
187
67
389
352
291
435
420
158
42
301
210
479
128
484
37
82
445
19
100
275
172
268
221
35
471
107
234
7
445
377
355
132
445
243
484
235
178
403
394
221
204
104
199
332
88
237
414
32
257
14
308
429
283
29
464
253
136
198
260
81
74
115
214
19
359
197
255
36
100
148
257
304
252
457
136
340
194
50
372
451
64
180
379
347
209
342
100
346
40
360
427
114
476
140
134
334
338
389
370
439
36
127
243
288
83
379
128
278
430
0
228
494
180
106
341
389
449
441
234
489
301
161
103
277
302
237
110
140
125
481
78
162
108
321
451
191
200
78
469
129
79
197
123
259
304
464
147
252
405
382
241
206
42
344
483
345
81
93
485
207
73
62
369
181
384
320
373
83
398
342
213
478
39
336
236
343
300
384
94
204
265
335
411
308
179
394
153
260
487
137
467
60
200
336
242
83
155
115
167
53
458
380
30
497
215
266
339
14
150
434
219
415
269
130
223
448
23
377
207
10
13
174
71
213
9
313
296
164
429
463
217
387
342
247
383
57
13
222
72
163
155
291
78
424
421
301
372
445
177
79
456
191
253
26
404
262
340
200
427
268
163
143
154
5
391
37
62
404
259
134
66
415
426
144
339
347
446
210
292
123
289
247
314
42
273
218
304
113
418
230
382
81
374
36
86
264
73
148
167
333
283
234
248
209
378
86
55
323
297
347
447
85
94
260
127
367
479
432
481
397
162
362
478
36
398
63
300
471
212
468
304
496
202
51
204
79
137
260
403
435
107
349
19
201
109
147
68
87
79
48
484
242
410
461
278
307
24
78
278
236
46
81
231
248
133
436
328
271
195
230
205
302
79
225
2
189
373
71
277
452
119
260
193
29
221
472
337
246
50
114
482
96
196
213
345
329
149
172
99
344
403
304
146
483
28
149
171
401
220
448
353
340
208
46
369
430
17
206
175
67
320
157
164
16
371
8
345
20
181
445
364
83
249
9
65
278
159
237
179
379
185
32
219
394
78
88
324
96
294
500
164
114
157
328
130
28
337
476
48
17
421
412
101
169
422
167
448
80
405
126
460
89
158
178
484
237
267
307
333
60
306
498
174
463
326
305
491
162
281
38
180
201
451
281
371
373
449
318
454
353
445
413
442
103
91
426
340
358
232
173
419
37
170
93
0
496
399
491
158
179
29
338
381
480
119
251
353
67
69
306
421
14
218
363
117
310
288
458
168
19
130
86
57
300
180
57
296
78
48
454
257
77
292
137
57
412
389
410
480
459
215
400
473
434
262
90
244
50
47
413
69
177
500
126
478
179
184
273
258
232
227
14
310
19
152
367
431
41
277
410
500
493
310
473
427
71
62
171
122
109
83
191
287
82
318
264
261
2
37
18
234
265
33
43
284
186
411
215
228
187
124
228
180
434
200
106
5
262
278
127
372
361
319
158
443
137
423
204
139
460
223
373
225
257
417
8
444
328
223
171
15
348
399
195
282
99
302
287
362
79
415
233
440
233
392
383
371
314
87
9
273
310
383
498
67
300
6
10
127
230
181
142
77
80
337
359
179
139
146
40
219
60
274
158
294
165
41
164
479
128
174
252
439
56
250
5
356
256
15
483
486
197
125
63
278
462
422
457
101
68
498
320
128
271
479
423
437
20
87
415
148
261
166
87
318
417
92
174
172
108
157
158
306
282
221
83
244
143
40
346
211
37
165
340
309
143
263
246
164
350
160
312
111
327
400
430
243
493
103
416
100
261
73
407
43
295
491
287
438
30
132
148
68
298
489
378
442
251
123
105
100
284
418
212
111
317
141
355
309
245
270
410
6
344
317
49
138
307
337
75
337
470
224
405
267
212
282
209
464
406
314
63
189
231
276
300
48
417
154
358
162
425
267
168
268
83
217
407
390
54
482
227
23
206
131
290
419
414
500
382
319
313
446
7
44
221
308
93
138
462
451
300
386
217
468
154
301
185
60
191
239
42
418
263
248
49
53
167
463
52
49
282
365
495
290
410
216
97
2
354
59
454
153
446
170
121
99
472
307
159
162
46
201
80
309
450
129
362
117
92
414
166
375
279
161
164
189
377
262
192
230
322
145
384
267
316
4
366
287
312
25
450
358
227
30
167
177
159
28
294
252
443
460
126
222
121
291
411
498
53
103
227
375
248
111
142
63
115
7
351
428
33
300
286
260
330
453
437
490
482
230
242
425
190
369
146
311
160
57
309
213
160
36
88
408
147
230
472
263
238
322
190
271
122
476
31
453
429
468
443
411
198
184
335
389
53
482
200
213
39
8
426
199
44
14
107
191
244
79
454
483
402
144
254
23
120
285
477
49
253
419
460
452
103
295
340
156
276
40
369
315
48
295
14
93
310
122
285
54
201
239
36
102
384
290
126
3
74
102
52
327
21
11
279
124
306
118
281
82
158
150
398
207
445
412
301
254
33
86
308
235
325
345
337
208
134
464
212
209
65
264
36
86
276
315
211
82
434
492
165
92
141
62
299
86
475
100
341
8
186
149
243
10
494
80
219
128
43
431
338
108
195
374
195
471
188
407
53
122
399
218
214
40
281
13
127
255
113
468
263
299
117
6
310
111
86
29
239
129
460
76
238
155
451
434
125
139
341
179
261
239
398
475
280
178
488
407
433
101
375
196
400
492
202
210
102
289
239
342
418
199
419
156
354
369
90
480
7
432
158
269
170
55
244
451
234
232
357
167
333
231
363
233
223
64
443
325
353
182
167
271
381
85
428
235
455
18
214
462
450
373
231
120
429
475
70
162
206
427
329
39
158
191
272
381
256
215
206
109
397
373
381
278
459
308
12
413
327
227
375
276
99
105
396
27
80
466
190
287
393
18
326
51
210
97
433
467
313
138
75
209
11
457
488
470
265
0
382
91
227
256
367
326
361
263
354
442
229
44
228
121
62
53
173
273
151
105
240
464
243
316
172
255
272
160
224
36
160
105
127
387
361
495
213
222
257
67
163
486
111
392
107
174
445
280
447
95
386
187
58
128
2
231
384
274
392
107
311
51
212
438
439
73
432
151
296
189
218
460
174
329
351
281
3
295
61
451
391
447
137
450
75
139
180
459
414
71
66
224
123
278
162
61
352
94
213
147
283
431
106
458
260
457
239
263
252
300
214
142
247
351
91
323
491
272
282
404
344
348
128
467
125
291
28
478
385
241
124
168
172
231
125
432
187
364
195
440
164
409
81
412
260
173
234
250
445
16
154
288
364
282
255
490
73
283
467
458
23
91
126
196
322
251
128
9
115
324
449
280
233
30
191
493
203
426
242
148
443
397
437
306
178
191
295
251
475
262
209
499
353
335
194
175
86
322
184
202
145
133
483
378
164
174
370
367
99
112
15
41
8
452
348
187
142
143
439
117
405
148
115
257
484
309
433
70
131
116
272
276
250
254
154
414
428
24
281
27
136
296
69
145
247
417
333
390
59
272
6
465
420
122
222
404
432
154
474
62
271
246
338
20
500
493
435
428
16
215
456
153
11
24
299
259
442
131
149
1
404
156
467
323
278
188
227
209
342
200
272
112
446
110
133
446
102
67
373
118
283
329
272
295
354
70
54
296
202
203
297
105
360
264
429
137
452
155
347
294
356
118
406
301
228
39
247
331
107
120
449
391
449
221
185
302
291
239
97
494
443
395
98
302
158
27
440
110
183
287
404
38
405
310
340
133
349
86
464
456
206
413
347
154
133
31
457
425
271
54
418
214
449
15
15
107
43
456
217
226
242
120
264
147
430
103
281
279
189
244
235
396
157
81
49
290
113
6
214
384
60
131
97
9
147
113
116
190
68
334
416
311
455
180
458
385
283
238
163
473
483
399
368
139
480
418
430
92
424
143
477
485
275
74
494
423
187
110
112
256
444
28
66
398
208
24
283
492
263
446
464
246
344
332
385
324
250
315
417
174
459
394
158
233
468
152
155
155
262
268
411
205
296
478
103
4
2
386
496
266
332
460
11
176
292
396
0
41
210
417
215
169
310
374
402
278
25
57
433
287
326
344
493
121
321
96
126
324
483
121
89
314
81
100
491
373
497
491
415
207
408
130
376
217
3
278
496
29
335
428
317
160
271
310
282
92
406
408
416
388
29
5
202
110
105
192
484
102
183
398
309
90
28
184
308
32
463
303
61
297
230
378
458
1
187
239
93
93
147
9
482
177
14
183
287
119
376
271
221
58
169
30
148
197
215
456
230
177
258
291
475
489
169
432
490
357
171
82
450
319
91
431
496
106
114
283
226
490
53
448
48
223
478
196
421
192
152
150
370
411
441
344
400
110
276
389
467
447
472
417
265
63
348
261
169
463
43
395
452
97
342
0
320
320
197
240
12
349
391
382
260
331
226
159
442
1
47
409
449
19
325
214
82
173
475
252
135
17
146
87
115
489
87
435
308
284
175
320
133
65
202
393
397
428
51
339
429
99
247
378
118
71
91
201
244
65
453
380
83
99
467
198
88
53
133
396
337
308
216
471
374
419
363
271
346
414
109
275
13
356
152
132
428
243
334
172
309
286
51
392
386
17
90
474
71
223
370
409
31
86
379
406
4
241
176
351
155
286
125
169
142
278
301
69
21
134
241
330
421
293
222
307
311
313
281
382
35
151
291
67
237
169
474
242
411
150
93
66
436
219
235
77
497
36
147
18
171
389
348
91
181
70
399
492
383
179
374
419
330
164
486
67
334
460
310
244
109
403
310
44
121
45
122
118
81
269
136
252
157
485
344
339
54
242
331
438
421
204
356
251
369
342
318
202
301
128
447
410
30
257
455
152
303
76
270
384
345
406
136
2
390
481
341
445
222
171
382
143
376
238
394
244
80
212
447
382
341
394
292
371
151
246
22
454
323
293
338
168
198
474
170
88
454
11
32
176
182
415
319
58
153
213
303
233
426
250
115
266
143
407
137
294
152
159
248
475
453
85
143
150
58
313
238
12
324
271
189
6
186
7
65
340
221
368
73
146
117
188
413
261
94
49
55
247
209
303
222
161
388
365
312
447
177
50
460
1
321
148
8
7
156
73
347
377
442
420
23
59
107
436
320
202
486
376
449
194
178
170
356
66
34
167
12
212
217
473
214
38
120
222
45
277
296
393
153
238
313
177
297
421
113
117
122
98
493
70
293
170
241
148
236
275
315
249
488
32
221
201
70
342
424
116
118
219
9
272
458
322
449
254
243
61
371
365
160
363
436
453
33
176
100
270
452
416
19
439
449
240
139
19
82
62
135
201
282
145
473
239
468
421
494
210
483
365
74
142
227
10
94
261
186
195
30
137
111
49
75
59
290
215
78
373
278
214
73
59
360
45
299
327
467
292
36
450
156
111
91
384
121
186
145
308
382
176
446
493
226
20
52
16
236
131
389
13
346
463
72
205
7
372
32
475
164
68
424
321
180
14
205
302
201
350
110
82
25
55
74
252
76
127
268
312
258
157
325
104
119
398
309
126
269
341
101
433
410
24
254
90
39
459
393
240
309
2
323
335
57
398
86
133
24
354
445
283
10
270
387
129
167
196
256
437
37
357
369
448
382
123
37
422
81
431
161
390
433
484
224
491
381
311
123
406
164
68
188
175
338
75
305
5
271
61
442
308
419
311
255
301
434
293
222
15
223
383
406
156
367
129
146
248
441
270
153
105
339
342
280
176
417
85
182
187
147
123
496
65
435
251
366
368
44
87
383
268
471
288
424
338
418
70
85
358
340
239
463
178
80
243
355
498
329
36
185
476
160
180
41
94
432
407
463
476
495
346
243
466
134
167
303
51
237
389
410
77
128
373
256
209
116
110
206
445
147
391
420
308
71
462
402
2
369
364
478
363
210
221
329
344
388
132
395
125
21
305
202
149
177
458
358
294
68
64
238
216
456
158
23
26
119
426
29
488
289
7
351
499
228
179
342
116
312
237
242
333
42
445
482
220
402
340
13
471
405
252
186
